Prange rows:

threads = 1: 1074.656613 Million Complex FMAs in 5.59425115585 seconds, 192.10017267 million Complex FMAs / second
threads = 2: 1074.656613 Million Complex FMAs in 2.80311083794 seconds, 383.379992848 million Complex FMAs / second
threads = 4: 1074.656613 Million Complex FMAs in 1.43997621536 seconds, 746.301641329 million Complex FMAs / second
