threads = 1: 3.10900807381 seconds for 10 filter passes.
threads = 2: 1.81650304794 seconds for 10 filter passes.
threads = 4: 1.53453803062 seconds for 10 filter passes.
